-0.04566918 -0.06140062 0.05607374 0.01750661 0.03630402 0.02324857 -0.06575107 -0.13585490 -0.05745367 0.03554959 0.09628466 -0.17500460 -0.07392520 -0.03212360 0.13202557 -0.04592218
0.02004006 -0.10086694 0.09190736 -0.16871525 0.05471019 -0.04464377 -0.05410209 -0.00119837 0.08026537 -0.05793794 0.09861171 0.01268224 -0.08291803 -0.05729783 0.07011575 0.10457046
0.01054044 0.00039990 -0.09458210 0.02470645 0.06713749 0.01269871 0.01438365 -0.02886012 -0.00214432 0.02263486 -0.03605556 0.03404798 0.09368698 -0.06396662 -0.02985622 0.08617076
0.01473749 -0.02617793 0.02106533 0.03525652 0.04481596 0.04742311 -0.00820833 0.00622491 0.09977817 0.02020321 -0.07428665 -0.04276828 0.11470703 -0.12547617 -0.01174150 -0.02741030
0.11659236 -0.05723180 0.10389050 -0.00634590 -0.00067361 0.02073511 -0.02193153 0.00282609 -0.11452252 0.01252622 -0.07136335 0.00028975 -0.01556089 0.01808906 0.01413585 0.02298062
-0.06575571 0.01469180 -0.05465579 0.08593228 0.01175142 0.04496403 -0.02317553 0.00096803 0.06157560 -0.02470924 -0.06410563 -0.05650827 -0.03956473 0.00229143 0.02739777 -0.03613343
0.03228175 -0.06965174 -0.01272936 0.06099839 0.04832361 0.02043566 -0.01450153 0.01943072 0.00124072 -0.04054773 -0.10106858 0.01057871 0.00080247 -0.08380387 0.00631951 -0.13142803
-0.00369184 0.07019932 0.00007250 0.02202893 -0.05910941 -0.09065828 0.07545366 0.05013024 0.06645149 0.01173460 -0.00840076 0.03945983 0.00741372 -0.08799736 -0.00889343 -0.01192141
-0.00809943 -0.06143808 0.04680097 -0.07273291 0.01885366 0.01475034 0.06457595 0.07214569 -0.06333222 0.05766205 0.00901847 -0.00112559 0.06010104 0.04292313 -0.01628911 0.03474512
0.06384218 -0.04287412 0.03233820 0.01074202 0.00363112 0.04418730 -0.02952928 -0.03390814 0.00488040 0.05627888 0.04171472 -0.11161742 0.09107301 -0.05483721 -0.05637020 0.03065913
0.01896217 -0.00784292 0.04592144 0.19483140 0.00983611 -0.00560528 0.04325668 0.03920566 0.06438484 0.01392027 -0.04384886 0.03790710 -0.06479924 0.04317806 0.09755369 0.06961624
-0.12313720 0.08344521 -0.03340753 -0.02225788 0.14792490 0.20107204 0.07823738 -0.05180857 0.00577505 -0.08437934 0.03119363 0.01282866 -0.02124971 0.02722477 -0.00247213 -0.05403010
-0.02294610 0.02697342 -0.04703701 -0.03060776 -0.02831582 0.01087060 0.04557741 -0.02899290 0.04358060 0.06902473 -0.04874439 0.01574532 0.02098097 -0.07838614 0.00792791 0.01218527
-0.03113066 -0.15436719 -0.05253221 0.03225575 -0.00312071 -0.08532248 -0.01173187 0.01271587 0.05100335 0.02352851 -0.09137127 -0.02502752 -0.01215056 -0.05772878 0.00435513 -0.01545009
0.00351089 -0.06310073 0.04109127 0.03735458 -0.11633023 -0.01456935 -0.18529730 -0.01908334 0.05972131 -0.00885096 0.02990757 -0.04381282 -0.05514403 -0.05177626 0.01553652 0.12466276
0.00699079 -0.06005934 0.05268580 0.03051802 0.00025364 0.09730508 -0.03798992 -0.03365000 0.02748583 -0.03943531 0.00577633 -0.00502085 0.03814075 0.08219525 -0.08990771 -0.00194418
