-0.05550384 -0.00654315 -0.06660290 -0.02204275 0.03094479 0.02371612 0.05239721 -0.05785412 -0.02086781 -0.14079583 0.05474996 0.04996903 -0.07250904 0.05980378 -0.11848725 -0.03155427
0.01209921 -0.14126939 -0.03053259 -0.02713336 -0.17551625 0.00172935 0.00020910 0.00315928 0.01581596 -0.07638796 -0.04388120 0.02911916 -0.02457934 0.05661122 -0.03154556 -0.01485356
-0.00853114 -0.14880122 0.02031397 -0.05104488 0.08727426 0.05464368 0.22086519 -0.02355309 -0.05768627 0.00116169 0.13912514 -0.10523369 0.06105527 -0.08537846 -0.00448510 0.05538787
-0.01930064 0.04383703 0.08358081 0.00286595 -0.10318174 -0.06349807 0.22045134 0.08116291 0.00330804 -0.15972836 0.05546526 -0.08555571 0.02501972 -0.08101595 0.08209538 0.11158668
0.04345369 -0.15180311 -0.00796442 0.04218362 0.02038947 -0.02808245 0.03659469 -0.04389668 -0.05641469 -0.03188359 -0.03761533 0.00333040 0.03939169 -0.03106856 -0.02596198 -0.03517890
0.05542878 -0.02552289 0.00717604 -0.06787886 -0.00643470 -0.00013833 -0.00778014 0.23473927 -0.00566252 -0.10555626 -0.02508931 0.14468382 0.16054024 0.07821166 0.05120988 -0.04443099
0.02934443 0.06811851 -0.05859877 0.08062492 -0.01986600 -0.06886000 -0.00987581 -0.04312987 -0.04313103 0.09057143 -0.08406374 -0.14876251 0.09346481 -0.00502685 -0.01507698 0.11752203
-0.10154877 -0.02346285 -0.06298169 -0.00420443 0.00810145 0.03057726 0.01862538 -0.10595392 0.01902117 0.01990334 0.03332980 0.00364755 -0.04814796 0.01956897 -0.02678062 -0.01846410
-0.07228437 0.07388523 -0.06338332 -0.09349494 0.02618375 -0.16606176 -0.09622689 0.09457055 -0.08029959 0.13479677 0.01018139 0.01402513 0.08014294 -0.13169464 0.01272920 -0.16684087
-0.00066868 -0.05854689 -0.08317619 -0.05361689 0.15549393 0.05749601 -0.09006041 -0.01057027 -0.08388367 0.01593722 0.11054142 -0.00162638 0.00445543 -0.03518188 -0.01181363 -0.01983800
0.06803441 0.03823295 0.04273272 -0.00171937 0.02598133 -0.05250348 0.03449904 0.04366181 -0.00417669 -0.01805433 0.02331822 0.03847232 0.02106762 0.05984683 -0.15606149 -0.03766609
-0.00848050 -0.10942201 0.01657698 0.10673506 0.00989905 0.03948222 -0.08697075 0.03598462 -0.02327810 -0.01344279 0.07196515 -0.02454345 -0.00362865 -0.15284243 -0.14542209 -0.01076920
0.01477844 0.09563460 -0.03088043 0.01867742 -0.00866126 0.07014410 0.15111788 -0.07749132 -0.07508162 -0.02359053 0.10758074 -0.00149532 0.14887352 -0.11569383 -0.08437711 -0.13645279
0.06076622 0.03925567 -0.00188059 -0.01193009 0.03834306 0.09786817 0.10431460 -0.02782718 0.05848478 0.02488046 0.11010790 0.05311139 -0.08936819 0.04564693 0.08180854 0.05587595
0.00393479 0.00848005 -0.03345992 0.02181612 0.03509246 -0.03777101 0.07796945 -0.06691903 0.11241484 0.04211175 -0.01756712 -0.01879873 -0.01379669 0.08266693 -0.01444000 -0.07930335
-0.00080541 0.11168782 -0.00723684 0.10129212 -0.00377312 -0.08468037 0.05004131 -0.07166961 0.02940914 -0.08823185 -0.01363537 -0.05351635 -0.12988757 0.08375237 -0.13358389 -0.11614265
