0.01824711 0.25262213 -0.14101307 -0.05398920 -0.27606937 0.22459762 0.10070612 -0.27875027 0.14240181 -0.11760835 0.05835905 -0.04386461 -0.19864902 0.02380823 -0.06059884 0.38804129
0.10669713 0.34165040 0.05220668 0.03080942 0.05409668 -0.01359790 0.39595941 0.05044856 -0.00506165 -0.16741571 0.51977998 -0.12985270 -0.19000417 0.17994708 -0.15947829 0.01198904
0.03211381 -0.12715577 -0.19638142 -0.07421527 -0.03673621 -0.09468061 -0.02880479 -0.05156606 -0.04652191 -0.07396054 -0.07438217 -0.05735749 -0.00847986 -0.04514009 0.00259275 -0.08275277
-0.33413669 0.20824945 0.00754165 -0.02380165 -0.07724234 -0.08011542 0.12164678 0.18413375 0.04520464 -0.07859655 0.22804655 0.11469386 0.20590320 0.34679624 0.18204828 0.39970022
-0.02931551 0.19223318 -0.13488150 -0.00569861 0.00192721 -0.14791264 -0.01068483 0.00081025 -0.15119472 -0.10099617 0.03570945 -0.04101925 -0.03952573 0.03156488 -0.00694600 -0.05595139
-0.00865580 0.00348403 -0.20409164 -0.02894261 -0.06497482 0.04592665 -0.07463537 0.00841525 -0.03122992 -0.06871868 -0.00355288 -0.08416246 -0.06772339 -0.13738252 0.02309228 -0.07612394
-0.05845019 -0.00174785 -0.18097517 -0.01864067 -0.05905646 -0.08965012 0.03065524 -0.02454264 -0.01668360 -0.05446849 -0.05907971 -0.07515385 -0.08856349 -0.06434191 -0.03324486 0.00844943
0.03104196 0.02418695 0.20920445 0.05535619 0.04094547 0.04395657 0.07203220 0.05407501 0.05295762 0.07631429 -0.03870802 -0.03617567 0.03268202 -0.04604596 0.01783066 0.03499156
-0.17489964 0.00351811 -0.16966856 -0.07997070 0.00821660 -0.07497580 -0.07145141 -0.09480583 -0.01439690 -0.04009964 -0.01435598 0.00987392 -0.03414479 -0.00314535 -0.06765589 0.03245184
-0.07100001 0.22271962 0.12746798 0.08112928 0.12945300 0.07236909 -0.17277750 -0.18292813 0.01504840 0.17276315 0.04237908 -0.33460104 0.02868436 0.01432229 0.15971817 0.05196860
0.07545451 -0.02694629 -0.08853205 -0.09005341 -0.15718006 0.14575331 -0.00860274 -0.02085895 0.11534653 -0.18532206 -0.17856365 -0.02056770 -0.00558823 0.13693167 -0.06660460 -0.41110727
0.11654524 0.06881120 -0.02814110 -0.06413861 0.00539389 0.15080133 0.02830535 0.17639066 -0.10288571 0.05006311 0.13281538 -0.23411974 -0.11930339 -0.17180191 0.00645852 0.00293510
-0.26890957 0.22886269 -0.02942249 0.04738682 -0.04987529 0.32800338 0.28531981 0.08156136 0.13431220 -0.08521400 0.00728098 -0.35709339 -0.16482963 -0.22031759 -0.00870215 0.31203166
0.06296340 -0.07542685 -0.10182619 -0.01832342 0.02945813 -0.00016282 -0.21202308 -0.18282515 -0.01455224 -0.10657299 0.18798006 -0.20212215 0.11218148 -0.17546734 -0.04290572 -0.06622846
0.06879610 0.18850017 0.00652258 0.05470833 -0.12528373 0.00454748 0.17173672 0.12178017 0.20343773 -0.03395329 0.12420204 0.21983430 0.23826511 0.23888020 -0.27414489 -0.19973159
0.12766317 -0.34612608 0.09268606 0.08724689 0.00129154 0.15534726 0.16815405 -0.30865806 0.00673933 0.12833822 0.17932941 0.08554719 0.20211144 0.01228369 -0.18773706 -0.09274351
