0.24535522 -0.47635296 -0.23874421 -0.52372515 0.26100186 0.28205210 0.10995308 -0.57915503 0.41677597 -0.26172447 0.31113100 -0.46378222 0.06184299 -0.00471502 0.13374622 0.02209145
-0.18523555 0.32004580 0.21547660 -0.20089947 0.14271620 -0.81590474 -0.35462639 -0.21454525 0.09031266 -0.06460410 -0.45737880 -0.08236582 0.41339386 0.49410564 -0.13656062 0.49216953
-0.02970784 0.21123755 -0.23733842 0.57505310 -0.05411481 0.10156880 -0.72897005 -0.21553808 0.51012224 0.23203346 -0.17176561 0.29570401 0.18065774 -0.32406577 -0.36294609 0.21166797
0.38270816 0.04952649 0.45350909 0.35097879 -0.04110612 -0.26067513 -0.26650795 -0.22169615 -0.27297002 0.01017555 0.18926734 0.51762503 0.40625453 -0.01672480 0.02278815 -0.33193046
-0.95450884 -0.31696570 -0.35921142 -0.24398315 -0.26707608 -0.44488585 -0.01947556 0.11717693 -0.12763575 -0.05087208 -0.19264784 -0.11541062 -0.08521698 -0.15276828 -0.06338630 -0.16025348
-0.02116574 -0.09145740 -0.25699422 0.14205191 0.28143683 0.57732791 0.04061515 -0.18812950 0.18450227 -0.21918869 -0.36547336 0.03882663 -0.27109244 0.08033817 0.01986241 0.20904708
0.32009962 0.04640358 -0.16787422 0.06941438 -0.41325423 -0.85564607 0.07801070 -0.23465826 0.04145946 0.36591733 -0.59168357 0.06406881 -0.34445444 0.02543297 -0.71109569 0.25363496
0.34292206 -0.46623316 -0.63363856 -0.22317158 -0.09267271 0.34914327 0.05937593 -0.04436243 -0.09947313 -0.03446363 -0.35249186 -0.43682539 -0.60935986 0.33355919 0.60467970 -0.18765442
0.08268733 0.34787461 0.28645530 -0.56737351 0.19196032 -0.30282176 -0.26698282 -0.01438138 0.65090781 0.01340103 0.03401503 -0.86838502 -0.39315066 -0.01083076 -0.40827265 0.38596219
-0.23043314 0.11935549 -0.32873714 0.14818124 -0.60444325 -0.19452249 0.17470361 -0.00845527 -0.15740564 -0.77785641 -0.43434334 -0.30921805 0.49850461 -0.68394387 0.29820403 -0.27962950
-0.43425086 0.20160347 0.10383433 0.25567520 0.23550640 -0.13987704 -0.14955340 0.62368745 -0.73239416 0.17378806 0.50044459 -0.70850813 -0.25733200 -0.27173099 -0.12932049 0.64506209
-0.22759444 0.26311609 -0.09765086 0.02509282 -0.44478315 -0.12369867 -0.34028199 0.33486262 -0.31971163 -0.38288528 0.07844862 0.21877432 -0.25841573 -0.19729923 0.40650699 0.08214172
-0.31053609 0.07232439 -0.65200007 -0.40763029 0.68795884 0.09793387 0.42827097 0.49488428 -0.00868446 0.27844009 -0.08171622 -0.07479301 0.65825772 -0.00427550 -0.87939215 -0.22441891
-0.16747886 0.08525652 -0.27515027 0.01848329 -0.06584027 0.16804005 -0.09514084 -0.35134962 0.40002590 0.82494354 -0.25972396 0.06578310 0.14004467 -0.20204644 0.44965243 0.07049316
-0.27500737 -0.25998691 -0.44914952 0.07743736 0.33935630 -0.39142805 0.00912123 1.37033272 -0.58114123 -0.51348102 -0.40129501 0.08865707 0.51889598 0.52948105 0.01234816 -0.18013319
-0.22242263 -0.42206365 -0.05937485 -0.05273448 -0.53368843 -0.03975705 0.26652670 0.00373834 0.20026869 -0.09510189 -0.46752769 -0.05551032 0.06040591 0.20822720 -0.08021209 0.30741644
